ssh://zhangbinjie@223.3.84.194:3022/usr/local/anaconda3/envs/pytorch_1.8.1/bin/python -u /home/zhangbinjie/tangjunWorkSpace/ExactSFRS/compare_to_cats/recommendation.py
KFC  len:  12  |  [[110, 40], [100, 100], [90, 90], [80, 20], [50, 120], [50, 100], [50, 80], [40, 0], [30, 30], [20, 120], [20, 140], [10, 140]]
STARBUCKS  len:  39  |  [[150, 110], [140, 100], [130, 120], [120, 140], [120, 70], [100, 140], [90, 140], [90, 90], [90, 130], [80, 0], [80, 140], [80, 130], [60, 130], [60, 20], [50, 20], [50, 120], [30, 140], [30, 130], [30, 70], [30, 60], [30, 10], [20, 140], [20, 60], [20, 120], [20, 130], [20, 80], [10, 10], [10, 120], [10, 110], [10, 140], [10, 130], [10, 90], [10, 70], [10, 80], [0, 110], [0, 120], [0, 130], [0, 100], [0, 90]]
McDonald  len:  52  |  [[150, 80], [150, 100], [140, 60], [140, 70], [130, 140], [120, 140], [110, 50], [100, 30], [100, 110], [100, 140], [90, 90], [90, 20], [80, 130], [80, 70], [80, 50], [80, 0], [80, 20], [70, 40], [70, 60], [60, 70], [60, 110], [60, 100], [60, 90], [60, 20], [50, 40], [50, 120], [50, 0], [40, 50], [40, 40], [40, 20], [40, 70], [30, 140], [30, 130], [20, 30], [20, 140], [20, 80], [20, 120], [20, 130], [20, 110], [20, 60], [10, 120], [10, 10], [10, 130], [10, 140], [10, 80], [10, 100], [10, 60], [0, 140], [0, 60], [0, 110], [0, 120], [0, 100]]
Burger King  len:  22  |  [[150, 80], [140, 120], [110, 50], [110, 100], [90, 90], [80, 40], [80, 130], [80, 0], [60, 90], [60, 70], [60, 20], [50, 50], [50, 40], [20, 40], [20, 80], [20, 140], [20, 110], [10, 140], [10, 10], [0, 110], [0, 40], [0, 100]]
Subway  len:  90  |  [[150, 100], [150, 140], [150, 70], [140, 80], [140, 120], [140, 140], [140, 100], [130, 120], [130, 60], [130, 70], [130, 130], [130, 100], [120, 50], [120, 100], [110, 140], [110, 130], [110, 90], [110, 70], [110, 40], [100, 60], [100, 130], [100, 90], [100, 80], [100, 50], [100, 140], [90, 50], [90, 90], [90, 130], [90, 30], [80, 90], [80, 70], [70, 140], [70, 50], [70, 60], [60, 100], [60, 70], [60, 90], [60, 60], [60, 140], [60, 130], [60, 20], [60, 80], [50, 50], [50, 110], [50, 100], [50, 120], [50, 60], [40, 40], [40, 50], [40, 20], [40, 60], [40, 30], [40, 70], [40, 140], [30, 60], [30, 70], [30, 140], [30, 10], [30, 40], [30, 80], [30, 20], [30, 30], [30, 50], [20, 120], [20, 50], [20, 80], [20, 140], [20, 60], [20, 130], [20, 70], [20, 110], [20, 90], [10, 110], [10, 80], [10, 140], [10, 120], [10, 100], [10, 50], [10, 90], [10, 130], [10, 70], [10, 20], [10, 60], [10, 10], [0, 130], [0, 110], [0, 120], [0, 100], [0, 40], [0, 90]]
7-Eleven  len:  25  |  [[150, 110], [150, 100], [150, 120], [140, 110], [120, 90], [120, 110], [120, 140], [110, 90], [110, 130], [100, 90], [100, 130], [80, 140], [70, 130], [60, 70], [50, 120], [50, 10], [40, 0], [20, 80], [20, 10], [20, 130], [20, 60], [10, 140], [10, 130], [10, 10], [0, 100]]
Nike  len:  4  |  [[10, 110], [10, 140], [0, 130], [0, 110]]
KFC  start :
100%|███████████████████████████████████████████| 12/12 [00:00<00:00, 28.24it/s]
========== 0 ==========
shop: KFC
origin: 40.74648987398893,-73.99963684416879     40.756489873988926,-73.9896368441688
HR:  [0.0, 0.18181818181818182, 0.18181818181818182, 0.36363636363636365]
NDCG:  [0.0, 0.13305201013572898, 0.13305201013572898, 0.2359411066522439]
---------------------
origin: 40.74648987398893,-73.9896368441688     40.756489873988926,-73.9796368441688
HR:  [0.09090909090909091, 0.09090909090909091, 0.09090909090909091, 0.2727272727272727]
NDCG:  [0.1695801026368081, 0.1100458831490401, 0.1100458831490401, 0.21375107211354458]
---------------------
origin: 40.726489873988925,-73.9896368441688     40.73648987398893,-73.9796368441688
HR:  [0.09090909090909091, 0.09090909090909091, 0.09090909090909091, 0.18181818181818182]
NDCG:  [0.21398626473452756, 0.13886244387355454, 0.13886244387355454, 0.1906740074187297]
---------------------
origin: 40.646489873988926,-73.8996368441688     40.656489873988924,-73.88963684416879
HR:  [0.0, 0.09090909090909091, 0.09090909090909091, 0.09090909090909091]
NDCG:  [0.0, 0.06943122193677727, 0.06943122193677727, 0.06943122193677727]
---------------------
origin: 40.70648987398893,-73.9596368441688     40.71648987398893,-73.9496368441688
HR:  [0.0, 0.0, 0.0, 0.09090909090909091]
NDCG:  [0.0, 0.0, 0.0, 0.05384556994058322]
---------------------
STARBUCKS  start :
100%|███████████████████████████████████████████| 39/39 [00:01<00:00, 28.19it/s]
========== 1 ==========
shop: STARBUCKS
origin: 40.73648987398893,-73.99963684416879     40.74648987398893,-73.9896368441688
HR:  [0.13157894736842105, 0.23684210526315788, 0.34210526315789475, 0.4473684210526316]
NDCG:  [1.0, 0.9305687780632229, 0.89858854607536, 0.8808201166436442]
---------------------
origin: 40.73648987398893,-73.9896368441688     40.74648987398893,-73.9796368441688
HR:  [0.13157894736842105, 0.23684210526315788, 0.34210526315789475, 0.4473684210526316]
NDCG:  [1.0, 0.92663607790064, 0.8955400226719279, 0.8782820803674302]
---------------------
origin: 40.726489873988925,-73.99963684416879     40.73648987398893,-73.9896368441688
HR:  [0.13157894736842105, 0.21052631578947367, 0.34210526315789475, 0.4473684210526316]
NDCG:  [1.0, 0.8701249883466594, 0.8993243837114211, 0.882119935842097]
---------------------
origin: 40.74648987398893,-73.99963684416879     40.756489873988926,-73.9896368441688
HR:  [0.13157894736842105, 0.23684210526315788, 0.34210526315789475, 0.39473684210526316]
NDCG:  [1.0, 0.9216017310213247, 0.8931226499863818, 0.8106542446517271]
---------------------
origin: 40.74648987398893,-73.9796368441688     40.756489873988926,-73.96963684416879
HR:  [0.13157894736842105, 0.21052631578947367, 0.3157894736842105, 0.4473684210526316]
NDCG:  [1.0, 0.8701249883466594, 0.8556555851864828, 0.8798266201095407]
---------------------
McDonald  start :
100%|███████████████████████████████████████████| 52/52 [00:01<00:00, 28.23it/s]
========== 2 ==========
shop: McDonald
origin: 40.74648987398893,-73.99963684416879     40.756489873988926,-73.9896368441688
HR:  [0.09803921568627451, 0.17647058823529413, 0.2549019607843137, 0.27450980392156865]
NDCG:  [1.0, 0.92663607790064, 0.8994614620488601, 0.7811814252264339]
---------------------
origin: 40.726489873988925,-73.99963684416879     40.73648987398893,-73.9896368441688
HR:  [0.0784313725490196, 0.17647058823529413, 0.2549019607843137, 0.29411764705882354]
NDCG:  [0.8687949224876582, 0.9148568823583791, 0.8878942246929333, 0.8055153376594605]
---------------------
origin: 40.726489873988925,-74.0096368441688     40.73648987398893,-73.99963684416879
HR:  [0.0784313725490196, 0.17647058823529413, 0.2549019607843137, 0.29411764705882354]
NDCG:  [0.8687949224876582, 0.9148568823583791, 0.8864091070669606, 0.8031797085326341]
---------------------
origin: 40.73648987398893,-73.9896368441688     40.74648987398893,-73.9796368441688
HR:  [0.0784313725490196, 0.1568627450980392, 0.23529411764705882, 0.29411764705882354]
NDCG:  [0.8687949224876582, 0.8512360941594275, 0.8420299163492446, 0.8013941587855226]
---------------------
origin: 40.73648987398893,-73.99963684416879     40.74648987398893,-73.9896368441688
HR:  [0.0784313725490196, 0.1568627450980392, 0.23529411764705882, 0.29411764705882354]
NDCG:  [0.8304198973631919, 0.8236998933965709, 0.820684594052403, 0.7836231939125372]
---------------------
Burger King  start :
100%|███████████████████████████████████████████| 22/22 [00:00<00:00, 28.25it/s]
========== 3 ==========
shop: Burger King
origin: 40.71648987398893,-74.0096368441688     40.726489873988925,-73.99963684416879
HR:  [0.09523809523809523, 0.14285714285714285, 0.19047619047619047, 0.19047619047619047]
NDCG:  [0.36005461457723403, 0.29727159644205703, 0.2752473788532309, 0.22915613233470902]
---------------------
origin: 40.74648987398893,-73.99963684416879     40.756489873988926,-73.9896368441688
HR:  [0.047619047619047616, 0.14285714285714285, 0.19047619047619047, 0.19047619047619047]
NDCG:  [0.1312050775123418, 0.2329726085570736, 0.22540453264559343, 0.1876596650147193]
---------------------
origin: 40.71648987398893,-73.9896368441688     40.726489873988925,-73.9796368441688
HR:  [0.047619047619047616, 0.047619047619047616, 0.19047619047619047, 0.23809523809523808]
NDCG:  [0.21398626473452756, 0.13886244387355454, 0.2450065887482459, 0.23684425098065778]
---------------------
origin: 40.74648987398893,-73.9896368441688     40.756489873988926,-73.9796368441688
HR:  [0.0, 0.09523809523809523, 0.14285714285714285, 0.23809523809523808]
NDCG:  [0.0, 0.14279514403613733, 0.15550138730290572, 0.19707721711244772]
---------------------
origin: 40.70648987398893,-74.0096368441688     40.71648987398893,-73.99963684416879
HR:  [0.047619047619047616, 0.09523809523809523, 0.09523809523809523, 0.19047619047619047]
NDCG:  [0.1312050775123418, 0.16354138662029635, 0.1267728847688893, 0.17184673299889344]
---------------------
Subway  start :
100%|███████████████████████████████████████████| 90/90 [00:03<00:00, 28.23it/s]
========== 4 ==========
shop: Subway
origin: 40.74648987398893,-73.9796368441688     40.756489873988926,-73.96963684416879
HR:  [0.056179775280898875, 0.11235955056179775, 0.16853932584269662, 0.2247191011235955]
NDCG:  [1.0, 1.0, 1.0, 1.0]
---------------------
origin: 40.726489873988925,-73.9896368441688     40.73648987398893,-73.9796368441688
HR:  [0.056179775280898875, 0.11235955056179775, 0.16853932584269662, 0.2247191011235955]
NDCG:  [1.0, 1.0, 1.0, 1.0]
---------------------
origin: 40.74648987398893,-73.9896368441688     40.756489873988926,-73.9796368441688
HR:  [0.056179775280898875, 0.11235955056179775, 0.16853932584269662, 0.2247191011235955]
NDCG:  [1.0, 1.0, 1.0, 1.0]
---------------------
origin: 40.73648987398893,-73.9896368441688     40.74648987398893,-73.9796368441688
HR:  [0.056179775280898875, 0.11235955056179775, 0.16853932584269662, 0.2247191011235955]
NDCG:  [1.0, 1.0, 1.0, 1.0]
---------------------
origin: 40.71648987398893,-73.9896368441688     40.726489873988925,-73.9796368441688
HR:  [0.056179775280898875, 0.11235955056179775, 0.16853932584269662, 0.2247191011235955]
NDCG:  [1.0, 1.0, 1.0, 1.0]
---------------------
7-Eleven  start :
100%|███████████████████████████████████████████| 25/25 [00:00<00:00, 28.27it/s]
========== 5 ==========
shop: 7-Eleven
origin: 40.70648987398893,-74.0096368441688     40.71648987398893,-73.99963684416879
HR:  [0.041666666666666664, 0.125, 0.20833333333333334, 0.20833333333333334]
NDCG:  [0.1312050775123418, 0.21501812929496175, 0.2554336961652971, 0.21266032804770377]
---------------------
origin: 40.73648987398893,-73.99963684416879     40.74648987398893,-73.9896368441688
HR:  [0.041666666666666664, 0.08333333333333333, 0.16666666666666666, 0.25]
NDCG:  [0.3391602052736162, 0.29345568839744024, 0.31839450983463885, 0.3313805699956612]
---------------------
origin: 40.74648987398893,-73.99963684416879     40.756489873988926,-73.9896368441688
HR:  [0.08333333333333333, 0.08333333333333333, 0.16666666666666666, 0.20833333333333334]
NDCG:  [0.3835663673713356, 0.2489083270225946, 0.28534771094064665, 0.2699034155907522]
---------------------
origin: 40.73648987398893,-73.9896368441688     40.74648987398893,-73.9796368441688
HR:  [0.041666666666666664, 0.08333333333333333, 0.16666666666666666, 0.25]
NDCG:  [0.21398626473452756, 0.20511666732794356, 0.24748015466305562, 0.27234110002564904]
---------------------
origin: 40.66648987398893,-73.9896368441688     40.67648987398893,-73.9796368441688
HR:  [0.041666666666666664, 0.125, 0.16666666666666666, 0.20833333333333334]
NDCG:  [0.14606834984270647, 0.23440650992329992, 0.22781074284456482, 0.22372591819231466]
---------------------
Nike  start :
100%|█████████████████████████████████████████████| 4/4 [00:00<00:00, 28.17it/s]
========== 6 ==========
shop: Nike
origin: 40.71648987398893,-74.0096368441688     40.726489873988925,-73.99963684416879
HR:  [0.3333333333333333, 0.6666666666666666, 1.0, 1.0]
NDCG:  [0.6131471927654585, 0.7903864795495062, 0.9473264239274362, 0.9473264239274362]
---------------------
origin: 40.74648987398893,-73.99963684416879     40.756489873988926,-73.9896368441688
HR:  [0.3333333333333333, 0.6666666666666666, 1.0, 1.0]
NDCG:  [0.23719771276929624, 0.44158011035778233, 0.5985200547357122, 0.5985200547357122]
---------------------
origin: 40.73648987398893,-74.0096368441688     40.74648987398893,-73.99963684416879
HR:  [0.0, 0.3333333333333333, 0.6666666666666666, 1.0]
NDCG:  [0.0, 0.20438239758848614, 0.3654252226776943, 0.5072941245436885]
---------------------
origin: 40.71648987398893,-73.99963684416879     40.726489873988925,-73.9896368441688
HR:  [0.3333333333333333, 0.3333333333333333, 0.3333333333333333, 0.6666666666666666]
NDCG:  [0.30657359638272924, 0.30657359638272924, 0.30657359638272924, 0.4484424982487234]
---------------------

Process finished with exit code 0
